0   2   1
2   0   2
0   3   2
3   0   1
0   4   3
4   0   1
0   5   2
5   0   1
1   2   3
2   1   1
1   4   5
4   1   2
1   7   1
7   1   4
2   4   2
4   2   2
2   5   9
5   2   7
2   6   1
6   2   4
3   7   1
7   3   5
4   10   1
10   4   4
5   7   1
7   5   2
5   11   1
11   5   2
6   7   3
7   6   7
6   11   5
11   6   2
8   9   1
9   8   6
8   10   4
10   8   2
8   11   2
11   8   1
8   14   5
14   8   3
8   15   8
15   8   5
9   12   2
12   9   1
9   14   1
14   9   2
10   11   10
11   10   1
10   12   2
12   10   3
10   13   9
13   10   8
10   14   8
14   10   7
11   13   1
13   11   4